2.973
3.29
9.564
20.386
47.559
47.252
67.885
69.33
72.70500000000001
69.85400000000001
69.31500000000001
69.272
73.392
71.429
70.808
68.792
74.096
79.70700000000001
77.012
76.61200000000001
78.813
76.376
75.687
72.926
81.96900000000001
79.11600000000001
77.15
76.82600000000001
75.879
82.24300000000001
87.78500000000001
78.182
82.49100000000001
73.22600000000001
68.29100000000001
67.39300000000001
89.87900000000002
84.23300000000002
73.88100000000001
62.664000000000016
87.108
84.337
83.07300000000001
82.51100000000001
79.37400000000001
77.07700000000001
75.39800000000001
65.54700000000001
64.06
88.33400000000002
86.921
78.32900000000001
69.71000000000001
66.63000000000001
65.66000000000001
81.75800000000001
80.80500000000002
77.47400000000002
74.59600000000002
74.11700000000002
92.34900000000002
84.67000000000002
82.98600000000002
76.86500000000002
68.69900000000001
94.66400000000002
82.37300000000002
75.73400000000001
71.99100000000001
70.99500000000002
90.46100000000001
82.34900000000002
79.52000000000001
91.632
78.86600000000001
74.97600000000001
73.343
85.41500000000002
84.50900000000001
81.77700000000002
74.37900000000002
102.754
102.27700000000002
101.78900000000002
100.20000000000002
84.16400000000002
81.93
78.96000000000001
77.09500000000001
100.837
99.87100000000001
97.63300000000001
86.65100000000001
82.88400000000001
82.09
81.58900000000001
76.171
99.31600000000002
90.436
88.272
