0.674
4.703
9.81
31.553
42.298
55.62
57.062
56.875
59.876999999999995
62.639
62.35900000000001
69.08600000000001
71.64800000000001
77.92
72.739
80.081
77.268
73.897
79.439
76.068
67.52099999999999
65.624
84.402
83.15599999999999
82.288
80.591
77.221
77.01299999999999
76.241
66.708
65.973
64.77499999999999
63.64099999999999
83.488
77.219
71.362
62.956999999999994
85.1
84.35499999999999
87.49499999999999
83.39899999999999
82.28699999999999
81.78299999999999
78.87899999999999
77.74
75.90499999999999
72.13
70.877
69.15599999999999
82.85
74.569
73.971
70.917
68.985
92.086
82.383
80.35
79.65199999999999
79.01599999999999
76.291
73.03999999999999
69.97699999999999
69.85999999999999
68.19
83.56099999999999
83.202
81.92399999999999
76.91799999999999
72.74799999999999
92.20599999999999
91.955
89.15799999999999
89.12599999999999
81.41499999999999
76.12299999999999
75.451
70.06
95.216
92.158
73.172
95.879
90.306
86.231
83.736
83.201
79.888
97.291
94.412
83.037
82.049
78.135
75.325
74.358
94.91399999999999
94.538
89.892
88.87599999999999
75.756
87.189
81.32199999999999
