9.963
28.979
41.321999999999996
44.80599999999999
44.23299999999999
47.11
55.293
58.795
61.883
67.941
71.73
74.548
70.828
71.542
78.74400000000001
75.316
72.83000000000001
79.84400000000001
75.80900000000001
71.83000000000001
76.876
74.876
81.324
76.933
72.435
69.307
78.56
75.739
71.30799999999999
65.816
86.69
85.623
85.20700000000001
81.075
78.64800000000001
76.679
76.132
74.72500000000001
86.07500000000002
80.07700000000001
74.83100000000002
71.51000000000002
68.84900000000002
67.90400000000001
92.21700000000001
89.94800000000002
89.19200000000002
83.29500000000002
77.62500000000001
73.63000000000002
72.78500000000001
70.18900000000002
69.86700000000002
93.33600000000001
91.78900000000002
82.41500000000002
79.45300000000002
76.68500000000002
88.64100000000002
84.50300000000001
79.00500000000002
75.99900000000002
95.44000000000001
94.34300000000002
91.879
91.42600000000002
91.052
77.93
75.15700000000001
72.68800000000002
98.11300000000001
93.07900000000001
90.87800000000001
79.048
98.83500000000001
94.34300000000002
93.10100000000001
88.34300000000002
81.37400000000001
99.38400000000001
98.63400000000001
95.62200000000001
90.69300000000001
83.45500000000001
81.78300000000002
76.80600000000001
99.061
97.179
91.46600000000001
89.37200000000001
78.298
77.34700000000001
98.509
81.59700000000001
81.48700000000001
102.00500000000001
93.404
91.85300000000001
87.762
86.811
