2.001
9.31
34.279
59.856
59.091
58.007000000000005
62.402
61.852000000000004
66.858
65.98
69.74200000000002
73.31300000000002
71.27300000000001
71.80900000000003
71.05900000000003
75.92900000000002
74.75200000000001
73.82200000000002
73.40400000000001
72.25500000000001
76.47500000000001
81.45200000000001
81.147
80.18800000000002
78.96400000000001
85.63100000000001
79.27400000000002
83.83400000000002
83.71200000000002
89.47500000000001
86.01600000000002
81.95000000000002
81.62200000000001
71.81200000000001
85.772
84.849
76.679
89.23700000000001
80.06700000000001
76.965
72.721
71.581
71.462
71.378
70.346
69.75500000000001
89.92200000000001
80.77600000000001
80.56400000000001
96.21700000000001
90.58200000000002
88.09200000000001
83.70900000000002
80.76700000000002
79.96500000000002
75.47900000000001
86.72400000000002
84.24600000000001
80.07200000000002
76.17300000000002
97.85600000000002
93.78400000000002
85.91700000000002
85.36300000000001
90.09600000000002
88.15300000000002
85.28200000000001
82.70400000000002
82.23300000000002
102.30700000000002
93.32700000000003
91.89100000000002
95.58100000000002
88.66800000000002
84.42600000000002
81.36500000000002
78.39500000000002
95.32100000000003
92.13700000000003
89.28500000000003
87.44200000000002
86.14000000000003
93.61300000000003
89.38000000000004
87.33800000000004
82.93000000000004
82.06500000000003
99.38700000000003
99.19000000000003
97.34300000000003
89.73400000000004
89.12500000000003
87.55700000000003
107.52700000000002
96.77500000000002
85.49000000000002
102.45800000000003
98.19600000000003
96.54900000000004
93.20000000000003
