0.356
0.605
0.4640000000000004
0.5419999999999998
0.3819999999999997
0.36299999999999955
0.5790000000000006
0.46199999999999974
0.6760000000000002
0.38400000000000034
0.3589999999999982
0.5390000000000015
0.3520000000000003
0.46499999999999986
0.4140000000000015
0.7280000000000015
0.4319999999999986
0.7519999999999989
0.6260000000000012
0.3769999999999989
0.7330000000000005
0.7070000000000007
0.7789999999999999
0.35199999999999676
0.7019999999999982
0.679000000000002
0.3879999999999981
0.472999999999999
0.4230000000000018
0.5510000000000019
0.7100000000000009
0.38300000000000267
0.5790000000000006
0.6330000000000027
0.6099999999999994
0.3549999999999969
0.7740000000000009
0.4239999999999995
0.5180000000000007
0.6400000000000006
