0.519
0.556
0.6070000000000002
0.36099999999999977
0.3769999999999998
0.6400000000000006
0.3689999999999998
0.41000000000000014
0.6140000000000008
0.3670000000000009
0.3500000000000014
0.6140000000000008
0.3619999999999983
0.6640000000000015
0.45700000000000074
0.46699999999999875
0.6729999999999983
0.38700000000000045
0.3539999999999992
0.3539999999999992
0.7399999999999984
0.3739999999999988
0.5450000000000017
0.4650000000000034
0.4369999999999976
0.7250000000000014
0.7220000000000013
0.703000000000003
0.7160000000000011
0.40800000000000125
0.777000000000001
0.4299999999999997
0.6640000000000015
0.4889999999999972
0.4059999999999988
0.3810000000000002
0.7590000000000003
0.5459999999999994
0.6270000000000024
0.759999999999998
