0.64
0.47299999999999986
0.8100000000000005
0.5
0.41300000000000026
0.742
0.4900000000000002
0.4670000000000005
0.7420000000000009
0.6400000000000006
0.37599999999999945
0.4320000000000004
0.5350000000000001
0.3500000000000014
0.4200000000000017
0.629999999999999
0.4869999999999983
0.5040000000000013
0.4450000000000003
0.5650000000000013
0.43100000000000094
0.588000000000001
0.4690000000000012
0.661999999999999
0.4099999999999966
0.5
0.615000000000002
0.5589999999999975
0.8160000000000025
0.46000000000000085
0.7520000000000024
0.7360000000000042
0.4899999999999949
0.5080000000000027
0.7740000000000009
0.6000000000000014
0.6749999999999972
0.35600000000000165
0.7680000000000007
0.3509999999999991
