5.357
11.507
43.897
47.824999999999996
47.181
47.031
55.15
54.891999999999996
60.00699999999999
59.364
60.858999999999995
65.08399999999999
64.68599999999999
68.931
71.78999999999999
75.404
74.83699999999999
74.017
79.939
74.89599999999999
77.27499999999998
77.73199999999999
84.80699999999999
86.50199999999998
84.55499999999999
78.19599999999998
87.13799999999998
79.69799999999998
75.02299999999998
83.97099999999998
79.15999999999997
95.03499999999997
94.01399999999997
74.70699999999997
70.37199999999997
66.63899999999997
65.78999999999996
93.77899999999997
91.95499999999997
88.72399999999996
83.65599999999996
82.99499999999996
72.29699999999997
70.02199999999996
96.93299999999996
86.64699999999996
78.51699999999997
78.24199999999996
75.19499999999996
98.51699999999997
90.21499999999997
85.04999999999997
78.66499999999998
75.96899999999997
72.66199999999996
102.93599999999996
93.31799999999997
84.79099999999997
74.24299999999997
103.35799999999996
96.63599999999997
91.82899999999997
91.67599999999997
89.74899999999997
85.51699999999997
78.77699999999997
76.11099999999996
104.53199999999997
100.52999999999997
99.76599999999996
99.29099999999997
92.02399999999997
89.34599999999996
87.42299999999997
86.16099999999997
84.31899999999996
99.96599999999997
95.22399999999996
93.59299999999996
91.31599999999996
87.14399999999996
107.40299999999996
95.32699999999996
87.28499999999995
82.58999999999996
81.98299999999996
107.47899999999996
107.21499999999996
108.93299999999996
108.49899999999997
101.31699999999996
95.63999999999996
93.11299999999997
89.93099999999995
87.65599999999996
82.39799999999997
103.08599999999997
96.34099999999997
85.38699999999997
102.59299999999998
