0.49
2.359
2.526
6.884
9.484
10.063
26.999000000000002
26.918
31.703000000000003
38.63700000000001
39.108000000000004
39.0
38.858000000000004
40.480000000000004
48.708999999999996
48.183
47.629999999999995
54.09199999999999
53.51
52.958
51.050999999999995
59.49799999999999
59.26599999999999
57.12599999999999
53.73299999999999
56.68899999999999
59.32199999999999
58.20299999999999
60.679999999999986
56.909999999999975
60.10199999999998
59.26299999999998
58.77199999999998
67.47599999999998
66.36199999999998
65.12699999999998
63.381999999999984
59.30699999999998
71.21099999999998
59.469999999999985
60.85899999999998
60.139999999999986
57.90199999999998
72.48899999999998
69.29299999999998
58.15299999999998
56.147999999999975
51.69199999999998
71.58099999999997
69.51599999999996
68.31699999999996
61.96699999999997
58.324999999999974
57.973999999999975
76.40299999999996
69.71399999999997
67.41099999999996
56.62099999999997
69.86899999999997
69.46699999999997
66.82899999999997
65.97699999999996
63.42499999999997
59.96699999999997
59.959999999999965
57.849999999999966
79.41699999999997
75.98899999999998
74.25999999999996
72.07699999999997
67.63599999999997
66.54299999999998
66.53299999999997
64.89199999999997
62.801999999999964
61.18999999999997
60.825999999999965
57.55299999999997
78.15399999999997
74.53499999999997
71.48699999999997
64.34899999999996
82.91099999999997
75.27699999999997
63.507999999999974
60.931999999999974
59.39699999999998
83.96499999999997
82.71399999999997
76.07699999999997
64.25699999999998
60.18099999999997
64.12199999999997
63.61599999999997
62.35099999999997
78.05799999999996
67.32299999999996
66.06999999999996
65.77099999999996
85.46799999999998
