1.15
3.4139999999999997
30.435000000000002
31.92
37.67100000000001
44.989
59.49400000000001
60.212
64.821
64.615
63.963
63.328
62.888000000000005
64.494
66.208
70.325
69.478
70.388
76.072
61.177
57.971
57.958
56.566
56.39
79.47800000000001
76.899
75.555
72.25800000000001
69.4
64.245
63.449000000000005
62.711
61.396
60.888000000000005
60.402
58.559000000000005
77.83500000000001
75.44800000000001
74.23400000000001
73.387
64.78
63.264
63.054
58.613
78.23400000000001
78.04400000000001
76.619
75.79700000000001
68.427
63.25800000000001
59.24000000000001
83.434
75.33
63.199
62.33
61.728
61.08
77.84700000000001
72.54400000000001
64.38400000000001
63.379000000000005
62.58300000000001
83.138
76.09100000000001
73.896
67.18100000000001
78.76100000000001
78.69500000000001
78.32600000000001
75.927
73.82400000000001
73.34800000000001
72.02300000000001
67.546
81.58500000000001
72.72600000000001
70.25800000000001
69.66000000000001
89.62800000000001
83.21800000000002
79.69700000000002
73.40100000000001
72.74300000000001
71.60300000000001
90.364
87.62800000000001
84.97900000000001
84.36800000000001
81.126
79.355
75.432
90.38600000000001
86.39300000000001
84.77700000000002
83.98400000000001
83.21000000000001
82.885
81.27300000000001
90.44800000000001
83.49000000000001
