11.913
33.609
39.706
40.969
42.814
47.572
53.135
57.939
57.504
63.102999999999994
62.529999999999994
70.39
70.75699999999999
72.001
71.08
70.393
70.339
72.67699999999999
70.122
69.309
67.75699999999999
67.61099999999999
66.345
73.48599999999999
73.13
72.14299999999999
70.597
69.401
68.05199999999999
67.30399999999999
66.58099999999999
64.13
58.87599999999999
58.34799999999999
54.86399999999999
75.00399999999999
70.865
70.67699999999999
70.115
64.406
63.821999999999996
63.807
60.763999999999996
59.867999999999995
59.825
55.763
75.334
61.259
79.91
67.974
65.134
60.36
82.378
81.736
79.11
64.46900000000001
61.462
61.003
82.747
79.882
77.56
75.316
73.435
69.242
65.21000000000001
65.10300000000001
65.052
61.74300000000001
74.736
68.855
82.026
75.946
73.503
73.447
87.081
81.8
76.288
70.781
69.437
81.47
80.41499999999999
79.404
70.27499999999999
91.411
87.523
85.71
85.026
79.666
79.541
78.49
76.429
74.494
72.44999999999999
91.463
91.213
89.922
85.65299999999999
84.58999999999999
73.29599999999999
90.32499999999999
