0.9420000000000001
7.104
14.737
29.595
30.278999999999996
57.731
56.668
58.477000000000004
66.15100000000001
73.558
72.03200000000001
71.42
71.06800000000001
69.744
71.821
77.282
78.87
82.209
77.253
78.36200000000001
77.682
77.31400000000001
88.57600000000001
87.572
84.16600000000001
82.804
81.25300000000001
81.18900000000001
73.983
73.66000000000001
71.224
70.47000000000001
68.66400000000002
85.76700000000001
85.11900000000001
80.275
68.53300000000002
66.13000000000001
89.70300000000002
78.25700000000002
76.69200000000001
72.61500000000001
70.50700000000002
66.80400000000002
92.09000000000002
83.72500000000002
83.02100000000002
82.82300000000002
74.07700000000001
70.65500000000002
70.30600000000001
94.37000000000002
91.32900000000001
86.21000000000001
83.12900000000002
80.17300000000002
75.674
89.15700000000002
86.07100000000003
84.62600000000002
80.84100000000002
96.05000000000003
88.84600000000002
84.59800000000001
78.08300000000003
93.28100000000002
92.24500000000002
89.22200000000001
84.61500000000001
77.03300000000002
74.55700000000002
99.06300000000002
97.85000000000002
94.91300000000003
89.77300000000002
88.50900000000001
87.57600000000002
86.32200000000002
82.89700000000002
100.88900000000001
95.70900000000002
87.97700000000002
86.73700000000001
84.53800000000001
102.31600000000002
95.41700000000002
98.35100000000001
97.59800000000001
97.21700000000001
97.114
95.18800000000002
94.49100000000001
93.06300000000002
102.703
94.808
93.858
92.18700000000001
90.777
106.329
103.953
