0.587
0.354
0.6159999999999999
0.3599999999999999
0.2919999999999998
0.39400000000000013
0.31099999999999994
0.4500000000000002
0.5060000000000002
0.5729999999999995
0.8159999999999998
0.5699999999999994
0.28200000000000003
0.6649999999999991
0.4399999999999995
0.6240000000000006
0.42600000000000016
0.27800000000000047
0.4169999999999998
0.5329999999999995
0.2789999999999999
0.4559999999999995
0.5689999999999991
0.3589999999999982
0.31099999999999994
0.35800000000000054
0.5599999999999987
0.33500000000000085
0.3429999999999964
0.48999999999999844
0.5210000000000008
0.5109999999999992
0.4510000000000005
0.5850000000000009
0.9649999999999999
0.7079999999999984
0.5699999999999967
0.5330000000000013
0.4969999999999999
0.4579999999999984
0.7040000000000006
0.639999999999997
0.4170000000000016
0.3009999999999984
0.5289999999999999
0.3019999999999996
0.5790000000000006
0.4680000000000035
0.5189999999999984
0.36999999999999744
0.33899999999999864
0.2849999999999966
0.7100000000000009
0.679000000000002
1.1839999999999975
0.6299999999999955
0.8529999999999944
1.293999999999997
1.2209999999999965
1.0320000000000036
0.5200000000000031
0.3340000000000032
0.3400000000000034
0.29399999999999693
0.5790000000000006
0.32800000000000296
0.3930000000000007
0.5550000000000068
0.4200000000000017
0.43299999999999983
0.5499999999999972
0.5050000000000026
0.4380000000000024
0.472999999999999
0.5090000000000074
0.5300000000000011
0.5739999999999981
0.5970000000000013
0.5900000000000034
0.3500000000000014
