0.4590000000000001
0.4770000000000003
0.3900000000000001
0.3599999999999999
0.4889999999999999
0.3390000000000004
0.5010000000000003
0.8309999999999995
0.71
0.33199999999999985
0.43599999999999994
0.37299999999999933
0.7319999999999993
0.9380000000000006
0.7300000000000004
0.5500000000000007
0.4369999999999994
0.5030000000000001
0.3200000000000003
0.2859999999999996
0.4930000000000003
0.5350000000000001
0.43400000000000105
0.5300000000000011
0.6170000000000009
0.3009999999999984
0.3000000000000007
0.31400000000000006
0.4239999999999995
0.48999999999999844
0.5090000000000003
0.36299999999999955
0.5799999999999983
0.7929999999999993
1.283999999999999
1.2650000000000006
0.9880000000000031
1.5680000000000014
0.9480000000000004
0.6900000000000013
0.5399999999999991
0.3210000000000015
0.4140000000000015
0.7230000000000025
0.5900000000000034
0.4549999999999983
0.3760000000000012
0.5180000000000007
0.3260000000000005
0.554000000000002
0.3930000000000007
0.4480000000000004
0.3370000000000033
0.3049999999999997
0.47399999999999665
0.6140000000000043
0.5
0.3470000000000013
0.33899999999999864
0.39099999999999824
0.32099999999999795
0.5949999999999989
0.3680000000000021
0.4450000000000003
0.5499999999999972
0.36599999999999966
0.49499999999999744
0.5670000000000002
0.6280000000000001
0.44700000000000273
0.43299999999999983
0.2909999999999968
0.3269999999999982
0.5429999999999993
0.4819999999999993
0.31799999999999784
0.4269999999999996
0.4170000000000016
0.3049999999999997
0.28600000000000136
