0.344
0.4159999999999999
0.6799999999999999
0.6000000000000001
0.3700000000000001
0.4269999999999996
0.3120000000000003
0.3380000000000001
0.54
0.6299999999999999
0.6000000000000014
0.4220000000000006
0.5350000000000001
0.41000000000000014
0.5969999999999995
0.4090000000000007
0.4529999999999994
0.43299999999999983
0.35599999999999987
0.28500000000000014
0.4200000000000017
0.31700000000000017
0.620000000000001
0.4499999999999993
0.30900000000000105
0.36799999999999855
0.33999999999999986
0.3409999999999975
0.3299999999999983
0.3829999999999991
0.3730000000000011
0.5130000000000017
0.40099999999999625
0.6660000000000004
0.7759999999999998
0.9329999999999998
0.5999999999999979
0.5010000000000012
0.39199999999999946
0.6219999999999999
0.4490000000000016
0.6160000000000032
0.6920000000000002
0.480000000000004
0.5399999999999991
0.3620000000000019
0.5559999999999974
0.7919999999999945
0.5279999999999987
0.4089999999999989
0.5489999999999995
0.5599999999999952
0.35300000000000153
0.3470000000000013
0.3539999999999992
0.28600000000000136
0.6109999999999971
0.4609999999999985
0.2890000000000015
0.3500000000000014
0.3819999999999979
0.28300000000000125
0.46300000000000097
0.4440000000000026
0.32099999999999795
0.6340000000000003
0.6709999999999994
0.5700000000000003
0.44700000000000273
0.7100000000000009
0.892000000000003
0.9869999999999948
1.076999999999991
1.3960000000000008
1.320999999999998
1.0399999999999991
0.36599999999999966
0.3999999999999986
0.3689999999999998
0.37400000000000233
