0.49800000000000005
0.38
0.659
0.5199999999999998
0.3620000000000001
0.8319999999999999
0.5300000000000002
0.4429999999999996
0.40800000000000036
0.7250000000000005
0.5899999999999999
0.6000000000000005
0.37400000000000055
0.28200000000000003
0.5250000000000004
0.5709999999999997
0.5679999999999996
0.5440000000000005
0.5099999999999998
0.3230000000000004
0.4930000000000003
0.5139999999999993
0.5750000000000011
0.5400000000000027
0.5100000000000016
0.45200000000000173
0.6119999999999983
0.41600000000000037
0.43799999999999883
0.43100000000000094
0.3689999999999998
0.5390000000000015
0.4800000000000004
0.5990000000000002
0.3279999999999994
0.5159999999999982
0.5440000000000005
0.559000000000001
0.4800000000000004
0.5210000000000008
0.40000000000000213
0.2779999999999987
0.3739999999999988
0.9239999999999995
0.764999999999997
1.3399999999999963
0.902000000000001
0.4399999999999977
0.6360000000000028
0.8100000000000023
0.992000000000008
0.9130000000000038
0.7600000000000051
0.4280000000000044
0.3100000000000023
0.41199999999999903
0.6000000000000014
0.365000000000002
0.4200000000000017
0.35999999999999943
0.365000000000002
0.49199999999999733
0.3470000000000013
0.4209999999999994
0.5919999999999987
0.46000000000000085
0.30700000000000216
0.5700000000000003
0.5970000000000013
0.482999999999997
0.3130000000000024
0.6430000000000007
0.6899999999999977
0.2909999999999968
0.3130000000000024
0.44599999999999795
0.3500000000000014
0.30100000000000193
0.9730000000000061
0.7800000000000011
