0.5529999999999999
0.3360000000000001
0.28700000000000014
0.5
0.4169999999999998
0.2789999999999999
0.5519999999999996
0.48799999999999955
0.2839999999999998
0.5549999999999997
0.5800000000000001
0.3650000000000002
0.3260000000000005
0.4670000000000005
0.31099999999999994
0.3049999999999997
0.5849999999999991
0.38599999999999923
0.2789999999999999
0.46000000000000085
0.6880000000000006
0.5
0.4740000000000002
0.31200000000000117
0.46999999999999886
0.3099999999999987
0.2839999999999989
0.7240000000000002
0.5100000000000016
0.4510000000000005
0.7249999999999979
0.5199999999999996
0.5949999999999989
0.5500000000000007
0.5069999999999979
0.5599999999999987
0.36299999999999955
0.7020000000000017
0.5500000000000007
0.277000000000001
0.3730000000000011
0.588000000000001
0.5189999999999984
0.3009999999999984
0.3930000000000007
0.44899999999999807
0.3410000000000011
0.2909999999999968
0.43499999999999517
0.5889999999999986
0.7199999999999989
0.730000000000004
0.5900000000000034
0.4690000000000083
0.6829999999999998
0.75
0.36999999999999744
0.48499999999999943
0.4930000000000021
0.2809999999999988
0.3089999999999975
0.46699999999999875
0.46999999999999886
0.5690000000000026
0.794000000000004
1.3589999999999947
1.2329999999999899
0.7480000000000047
0.9159999999999968
0.7460000000000093
1.3320000000000078
0.6800000000000068
0.35199999999999676
0.38700000000000045
0.37700000000000244
0.2920000000000016
0.41900000000000404
0.46000000000000085
0.28600000000000136
0.5009999999999977
