0.26899999999999996
0.30000000000000004
0.32899999999999996
0.4969999999999999
0.43000000000000016
0.274
0.3530000000000002
1.0180000000000007
0.899
1.0830000000000002
0.5700000000000003
0.6139999999999999
0.5959999999999992
0.5010000000000012
0.7560000000000002
0.45000000000000107
0.3330000000000002
0.5559999999999992
0.4969999999999999
0.4599999999999991
0.41499999999999915
0.2680000000000007
0.2729999999999997
0.3539999999999992
0.36400000000000077
0.3119999999999994
0.4169999999999998
0.2970000000000006
0.46499999999999986
0.40700000000000003
0.5249999999999986
0.38200000000000145
0.3810000000000002
0.39399999999999835
0.5699999999999967
0.8810000000000002
0.8389999999999986
1.0030000000000001
0.7729999999999997
0.5280000000000022
0.6479999999999997
0.4319999999999986
0.28999999999999915
0.26399999999999935
0.32700000000000173
0.3150000000000013
0.26899999999999835
0.25700000000000145
0.5519999999999996
0.5700000000000003
0.39000000000000057
0.5589999999999975
0.39000000000000057
0.32700000000000173
0.4299999999999997
0.786999999999999
0.8759999999999977
0.9579999999999984
0.5199999999999996
0.27199999999999847
0.4520000000000053
0.35999999999999943
0.5670000000000002
0.38000000000000256
0.49799999999999756
0.34600000000000364
0.480000000000004
0.29299999999999926
0.3609999999999971
0.5300000000000011
0.8200000000000074
0.5069999999999979
0.6980000000000004
0.44600000000000506
0.5200000000000031
0.277000000000001
0.29999999999999716
0.5210000000000008
0.490000000000002
0.6370000000000005
0.4660000000000011
0.28999999999999915
0.41199999999999903
0.5459999999999994
0.9100000000000037
0.490000000000002
0.26899999999999835
0.7489999999999952
0.8589999999999947
0.9620000000000033
1.3070000000000022
1.186000000000007
0.6600000000000037
1.0860000000000056
0.6409999999999982
0.5
0.5559999999999974
0.347999999999999
0.31799999999999784
0.3950000000000031
