0.31000000000000005
0.3839999999999999
0.7609999999999999
0.694
1.0460000000000003
0.8510000000000004
0.7470000000000003
0.6829999999999998
0.532
0.4630000000000001
0.34999999999999964
0.476
0.5270000000000001
0.2560000000000002
0.4770000000000003
0.36099999999999977
0.33200000000000074
0.38899999999999935
0.2870000000000008
0.2940000000000005
0.4060000000000006
0.5039999999999996
0.7099999999999991
0.668000000000001
0.9220000000000006
0.5489999999999995
0.33000000000000007
0.2789999999999999
0.2560000000000002
1.0779999999999994
1.0569999999999986
0.7599999999999998
0.26200000000000045
0.5700000000000003
0.8410000000000011
1.538999999999998
1.2199999999999989
1.8629999999999995
1.6310000000000002
2.4349999999999987
2.3419999999999987
1.0819999999999972
1.8030000000000008
0.9439999999999991
0.379999999999999
0.4690000000000012
0.39000000000000057
0.3769999999999989
0.4740000000000002
0.46999999999999886
0.33800000000000097
0.5429999999999993
0.3760000000000012
0.6039999999999992
0.5300000000000011
0.9089999999999989
0.27199999999999847
0.5650000000000013
0.8219999999999992
1.1789999999999985
1.5009999999999977
1.908999999999999
0.934000000000001
1.6120000000000019
1.0280000000000022
0.7479999999999976
0.43300000000000693
0.6009999999999991
0.7580000000000027
0.7830000000000013
0.5700000000000003
0.5309999999999988
0.5810000000000031
0.4750000000000014
0.46999999999999886
0.679000000000002
0.5800000000000054
0.5150000000000006
0.4200000000000017
0.2890000000000015
0.4350000000000023
0.25099999999999767
0.3440000000000012
0.31700000000000017
0.31799999999999784
0.36299999999999955
0.2680000000000007
0.2610000000000028
0.546999999999997
0.7730000000000032
0.5
0.4269999999999996
0.28000000000000114
0.2980000000000018
0.28000000000000114
0.2849999999999966
0.4889999999999972
0.3499999999999943
0.27600000000000335
0.45000000000000284
