0.604
0.667
0.29000000000000004
0.6660000000000001
0.5399999999999998
0.2639999999999998
0.33599999999999985
0.32799999999999985
0.532
0.6379999999999999
0.7389999999999999
0.8680000000000003
1.0169999999999995
1.2700000000000005
1.4720000000000004
2.471
2.199
1.9309999999999992
1.9090000000000007
1.5619999999999994
2.5359999999999996
1.58
0.9480000000000004
1.5709999999999997
0.75
0.5289999999999999
0.3899999999999988
0.5540000000000003
0.777000000000001
0.6900000000000013
0.32399999999999984
0.35999999999999943
0.5539999999999985
0.3049999999999997
0.3810000000000002
0.375
0.2510000000000012
0.4400000000000013
0.3009999999999984
0.517000000000003
0.6000000000000014
0.6280000000000001
0.6400000000000006
0.36299999999999955
1.254999999999999
1.203000000000003
1.1480000000000032
1.6510000000000034
0.9100000000000001
1.4270000000000032
0.5489999999999995
0.5120000000000005
0.370000000000001
0.5240000000000009
0.45000000000000284
0.945999999999998
1.1509999999999998
1.514999999999997
1.7489999999999988
1.5399999999999991
1.1590000000000025
0.7100000000000009
1.2850000000000037
0.28600000000000136
0.6970000000000027
0.5599999999999952
0.47099999999999653
0.36299999999999955
0.3400000000000034
0.4309999999999974
0.3960000000000008
0.8449999999999989
0.6840000000000046
0.7000000000000028
0.30299999999999727
0.2809999999999988
0.3950000000000031
0.7090000000000032
0.5800000000000054
0.3370000000000033
0.6989999999999981
0.5180000000000007
0.3400000000000034
0.392000000000003
0.5300000000000011
0.34599999999999653
0.44700000000000273
0.3290000000000006
0.6960000000000051
0.9010000000000034
0.6559999999999988
1.1099999999999994
0.36999999999999744
1.0200000000000031
1.5560000000000045
1.7779999999999987
1.4410000000000025
1.1469999999999985
0.7230000000000061
0.6200000000000045
