0.26100000000000007
0.5969999999999999
0.48
0.3480000000000001
0.7919999999999998
0.8249999999999997
0.7860000000000005
0.6280000000000001
0.4559999999999995
0.5919999999999996
0.29000000000000004
0.3810000000000002
0.3280000000000003
0.5129999999999999
0.5170000000000003
0.41999999999999993
0.3780000000000001
0.5400000000000009
0.6280000000000001
0.5099999999999998
0.3249999999999993
0.3439999999999994
0.34999999999999964
0.29299999999999926
0.5489999999999995
0.5169999999999995
0.3210000000000015
0.618999999999998
0.34999999999999964
0.4949999999999992
0.5899999999999999
0.8250000000000011
0.40700000000000003
0.3359999999999985
0.36100000000000065
0.8819999999999979
0.6890000000000001
0.7680000000000007
0.5489999999999995
0.4980000000000011
0.6049999999999969
0.33999999999999986
0.41799999999999926
0.4629999999999974
0.370000000000001
0.48400000000000176
1.0309999999999988
1.4939999999999998
1.5630000000000024
1.1609999999999978
1.4469999999999992
1.466000000000001
1.1970000000000027
0.7699999999999996
0.5360000000000014
0.815999999999999
0.48300000000000054
0.6160000000000032
0.5700000000000003
0.2779999999999987
0.5889999999999986
0.8760000000000012
0.7639999999999993
0.7439999999999998
0.509999999999998
0.48799999999999955
0.4660000000000011
0.45000000000000284
0.3810000000000002
0.4609999999999985
0.34900000000000375
0.5
0.5940000000000012
0.44999999999999574
0.2610000000000028
0.3230000000000004
0.3990000000000009
0.2530000000000001
0.3689999999999998
0.5559999999999974
0.4269999999999996
0.5189999999999984
0.4159999999999968
0.3999999999999986
0.5039999999999978
0.6569999999999965
1.0330000000000013
1.0019999999999953
1.4169999999999945
0.9750000000000014
1.2560000000000002
0.6810000000000045
1.0230000000000032
0.9059999999999988
0.42600000000000193
0.6580000000000013
0.4199999999999946
0.3120000000000047
0.29000000000000625
0.2610000000000028
