0.596
7.359
31.001
35.028
34.561
34.3
36.157
35.995999999999995
44.105999999999995
46.683
55.872
55.489999999999995
58.119
56.696
59.1
57.877
61.505
60.786
66.687
57.32499999999999
57.12899999999999
69.908
66.476
65.508
61.557
56.804
52.345
70.09
68.306
63.962
60.109
53.009
71.66000000000001
69.62800000000001
66.34900000000002
62.52600000000001
59.33400000000001
53.007000000000005
52.29700000000001
73.72500000000001
69.63300000000001
68.72900000000001
67.483
65.16900000000001
63.69600000000001
61.77700000000001
58.131000000000014
55.31100000000001
54.82800000000001
72.00200000000001
65.47300000000001
60.79700000000001
75.68500000000002
69.21100000000001
68.76900000000002
67.34000000000002
65.42600000000002
58.63500000000002
58.137000000000015
56.56700000000002
56.33400000000002
76.81100000000002
76.45500000000001
71.88100000000001
69.77400000000002
68.36000000000001
68.05200000000002
66.10700000000001
63.932000000000016
62.414000000000016
59.31200000000002
58.625000000000014
58.051000000000016
79.70500000000001
77.29100000000001
73.36700000000002
71.75300000000001
66.28300000000002
77.73700000000001
73.52900000000001
73.43200000000002
71.78600000000002
70.44300000000001
68.19200000000001
65.38700000000001
64.43700000000001
74.13900000000001
74.08000000000001
73.29300000000002
65.28300000000002
64.12900000000002
62.347000000000016
82.81000000000002
66.13400000000001
77.60300000000001
75.76100000000001
74.74900000000001
72.74500000000002
69.08500000000001
68.15900000000002
