2.179
2.223
1.863
7.013
6.342
16.304000000000002
15.952000000000002
15.339000000000002
17.591
31.392
30.569
34.502
39.829
42.44
43.119
47.71
45.937
47.305
48.988
54.438
52.083
59.305
60.785
58.965
61.339
59.18
62.22999999999999
63.467
69.22399999999999
67.488
64.321
60.961
71.363
65.899
65.602
61.97
58.431000000000004
56.81400000000001
52.659000000000006
47.648
71.411
70.663
67.118
66.348
62.726
62.363
61.617
54.059
52.571
49.727
48.772999999999996
66.03399999999999
65.19099999999999
62.87299999999999
60.775999999999996
55.87899999999999
55.55699999999999
52.513999999999996
52.44099999999999
51.730999999999995
49.34299999999999
64.36099999999999
62.221999999999994
55.041
54.83399999999999
54.663
52.392999999999994
71.374
69.60699999999999
59.46199999999999
57.090999999999994
56.127999999999986
52.78099999999999
52.627999999999986
52.516999999999996
51.633999999999986
75.07999999999998
65.81199999999998
58.97999999999999
58.448999999999984
69.05099999999999
68.79799999999999
57.201999999999984
78.33899999999998
73.58299999999998
73.54199999999999
73.03999999999999
71.401
71.33999999999999
70.99
68.564
56.096999999999994
77.61999999999999
77.46099999999998
73.22699999999999
71.21699999999998
68.28799999999998
63.42199999999999
60.92699999999999
57.16899999999999
