0.381
29.878
29.576999999999998
37.31
39.525
46.952
46.913
52.516999999999996
54.367999999999995
53.863
53.321999999999996
55.233999999999995
60.797
63.492999999999995
61.657
60.602999999999994
59.497
65.002
63.739
65.988
63.870999999999995
66.296
71.393
60.452000000000005
60.04500000000001
57.95100000000001
57.754000000000005
73.37500000000001
52.158000000000015
68.965
63.765
61.452000000000005
57.757000000000005
55.913000000000004
51.458000000000006
49.455000000000005
73.459
70.07300000000001
68.02300000000001
62.11600000000001
60.217000000000006
75.00200000000001
73.36000000000001
72.32000000000001
71.075
70.12500000000001
59.778000000000006
58.50300000000001
55.05600000000001
53.528000000000006
52.60000000000001
76.025
72.048
71.35600000000001
70.712
68.482
66.336
65.16
62.544000000000004
59.912000000000006
57.484
57.196
56.559000000000005
76.42500000000001
74.769
72.07100000000001
63.638000000000005
55.58300000000001
77.988
77.726
76.16
72.302
68.983
68.54
63.686
61.669
58.822
57.594
82.494
81.97
80.074
72.469
72.015
70.768
69.203
65.732
64.96000000000001
64.157
63.899
75.737
75.48
74.713
72.084
70.219
66.508
61.333
84.917
83.354
77.74600000000001
85.77700000000002
