4.263999999999999
4.6579999999999995
41.57
43.672
45.26
45.165
48.891000000000005
50.454
53.467
56.379
59.480999999999995
62.775
63.961999999999996
63.821999999999996
63.13199999999999
64.02399999999999
63.51799999999999
63.21199999999999
62.11699999999999
67.18799999999999
66.76799999999999
64.966
64.26799999999999
67.47899999999998
65.76399999999998
64.50399999999999
72.65799999999997
63.35299999999998
61.67199999999998
60.21899999999998
54.68999999999998
74.64399999999998
70.22799999999998
62.08899999999998
59.96599999999998
56.59699999999998
55.71999999999998
53.64599999999997
51.32399999999998
49.59999999999998
77.02399999999997
67.99599999999997
67.81899999999997
56.09499999999997
52.07099999999997
51.58199999999997
69.32799999999997
66.21099999999998
63.561999999999976
61.83499999999998
57.23099999999998
55.51499999999998
79.64299999999999
76.71699999999998
74.90099999999998
70.30299999999998
66.24499999999998
65.99099999999999
64.79299999999998
63.89299999999999
63.43299999999998
62.83799999999998
58.93399999999998
54.61999999999998
78.74699999999999
74.91599999999998
74.85599999999998
69.46099999999998
65.08899999999998
59.859999999999985
81.24599999999998
79.65799999999997
71.03099999999998
70.95099999999998
70.13099999999997
68.12299999999998
67.78999999999998
65.36899999999997
58.55599999999998
82.65399999999997
82.22299999999997
78.65099999999997
77.27999999999997
75.10999999999997
72.72999999999998
71.20299999999997
68.06299999999997
60.318999999999974
79.01099999999998
78.01699999999998
76.73799999999997
73.51899999999998
68.86699999999998
62.47499999999998
82.94299999999998
81.36499999999998
76.02299999999998
73.11199999999998
72.80699999999997
70.05499999999998
