0.5539999999999999
0.4659999999999999
7.2299999999999995
7.058
7.0569999999999995
7.144000000000001
10.661
33.099000000000004
31.978
31.210000000000004
31.208000000000002
38.502
38.214000000000006
37.453
44.178000000000004
42.312000000000005
41.977000000000004
41.861000000000004
41.443000000000005
41.344
44.015
43.715
49.147000000000006
48.734
46.401
45.872
45.447
53.229
50.452
49.322
50.732
48.952
48.617000000000004
54.271
50.403000000000006
60.353
59.218
56.097
55.35
52.177
58.264
55.315000000000005
54.688
51.274
63.657000000000004
61.77
60.374
60.10900000000001
58.05800000000001
56.50000000000001
49.947
45.17
41.522000000000006
57.528000000000006
55.901
55.037000000000006
53.384
46.464
43.676
62.479
56.447
50.873999999999995
47.961
47.934
43.61
42.288
65.62
60.574000000000005
51.721000000000004
51.508
48.435
47.252
46.447
45.774
43.873000000000005
62.838
57.486000000000004
53.129000000000005
70.24900000000001
68.13300000000001
59.81
59.515
55.518
55.44800000000001
55.434
54.06400000000001
47.93000000000001
67.25399999999999
63.607
59.569
59.135999999999996
57.736999999999995
55.566
53.519
53.364999999999995
70.89
69.51899999999999
66.826
63.535
58.669
