0.34099999999999997
0.635
0.8260000000000001
1.1560000000000001
0.7250000000000001
0.6100000000000001
0.5469999999999997
0.919
0.891
0.7999999999999998
0.6199999999999992
0.9110000000000005
0.7940000000000005
0.5699999999999994
0.45500000000000007
0.45999999999999996
0.42600000000000016
0.5839999999999996
1.1249999999999982
0.9349999999999996
1.186
0.8499999999999996
0.22600000000000087
0.5749999999999993
0.5980000000000008
0.7480000000000011
0.5600000000000005
0.29499999999999815
0.44700000000000095
0.5489999999999995
0.7390000000000008
0.4900000000000002
0.3689999999999998
0.28500000000000014
0.23000000000000043
0.3899999999999988
0.370000000000001
0.5180000000000007
0.4900000000000002
0.22199999999999953
0.3199999999999985
0.2759999999999998
0.3739999999999988
0.652000000000001
0.379999999999999
0.3299999999999983
0.22500000000000142
0.4670000000000023
0.3200000000000003
0.48600000000000065
0.6210000000000022
0.7830000000000013
0.379999999999999
0.3880000000000017
0.4299999999999997
0.379999999999999
0.7719999999999985
0.8659999999999997
0.5399999999999991
0.3780000000000001
0.7890000000000015
0.6280000000000001
1.1820000000000022
0.6660000000000004
0.6099999999999994
0.3880000000000017
0.2989999999999995
0.4200000000000017
0.370000000000001
0.36100000000000065
0.3049999999999997
0.3009999999999984
0.2519999999999989
0.30799999999999983
0.3299999999999983
0.472999999999999
0.5500000000000043
0.6820000000000022
0.5940000000000012
0.35999999999999943
1.2220000000000013
1.3760000000000048
1.740000000000002
1.7070000000000007
1.3049999999999997
1.2729999999999961
2.152000000000001
1.573999999999998
1.561
1.1340000000000003
1.2319999999999993
0.9969999999999999
0.8519999999999968
0.8780000000000001
0.75
1.0009999999999906
0.6650000000000063
0.4100000000000037
0.26599999999999824
0.41199999999999903
