0.546
0.38
0.30299999999999994
0.278
0.31999999999999984
0.5
0.31999999999999984
0.2250000000000001
0.5759999999999992
0.4899999999999993
0.5290000000000008
0.8159999999999998
0.41999999999999993
0.39999999999999947
0.8440000000000003
0.878000000000001
0.5809999999999995
1.2100000000000009
0.7440000000000015
0.27000000000000135
0.5909999999999993
0.6419999999999995
0.35999999999999943
0.5039999999999996
0.6870000000000012
0.5
0.6969999999999992
1.0229999999999997
1.033999999999999
0.4640000000000004
0.543000000000001
0.48400000000000176
0.47000000000000064
0.3699999999999992
0.2599999999999998
0.3049999999999997
0.43100000000000094
0.8549999999999969
1.032
0.9000000000000021
0.42900000000000205
0.3500000000000014
0.4190000000000005
0.6630000000000003
0.6550000000000011
0.5500000000000007
0.7489999999999988
1.0230000000000032
1.3500000000000014
1.218
1.1149999999999984
1.5310000000000024
1.7369999999999983
1.0729999999999968
1.0459999999999994
0.7899999999999991
0.6820000000000022
0.5710000000000015
0.8449999999999989
0.6330000000000027
0.8490000000000002
0.5899999999999999
0.24099999999999966
0.41499999999999915
0.28200000000000003
0.3739999999999988
0.2660000000000018
0.29799999999999827
0.4740000000000002
0.7419999999999973
1.0060000000000002
0.6089999999999947
1.0819999999999936
0.6460000000000008
0.767000000000003
0.6300000000000026
0.5350000000000037
0.9010000000000034
1.3859999999999957
1.7369999999999948
1.0249999999999986
1.7149999999999963
0.8020000000000067
0.6540000000000035
0.3299999999999983
0.4230000000000018
0.35999999999999943
0.9079999999999941
0.801000000000009
1.1940000000000026
0.5
0.23199999999999932
0.3919999999999959
0.4100000000000037
0.35599999999999454
0.3050000000000068
0.2600000000000051
0.34899999999999665
0.36599999999999966
0.39099999999999824
