0.862
1.211
1.207
1.5259999999999998
1.5479999999999998
1.1849999999999996
1.6729999999999998
1.3369999999999997
1.02
0.383
0.9139999999999997
1.229
1.451
1.2860000000000005
1.040000000000001
0.7789999999999999
1.5619999999999994
0.9950000000000001
0.8879999999999999
0.9320000000000004
0.6470000000000002
0.7809999999999997
1.2479999999999993
1.3089999999999993
1.2889999999999997
1.654
1.3660000000000014
1.452
1.559000000000001
1.0030000000000001
1.2800000000000011
0.8790000000000013
0.7810000000000006
0.5309999999999988
0.9710000000000001
1.0839999999999996
0.661999999999999
0.7210000000000001
0.5299999999999994
0.8230000000000004
0.8040000000000003
1.0670000000000002
1.1500000000000004
1.8339999999999996
1.2159999999999993
0.8329999999999984
1.3720000000000017
0.6270000000000024
0.8399999999999999
1.227999999999998
1.3249999999999993
1.700999999999997
1.5309999999999988
1.2779999999999987
1.5799999999999983
1.4160000000000004
1.846
2.1940000000000026
1.777000000000001
1.6889999999999965
1.460999999999995
1.2650000000000006
1.0560000000000045
2.09
1.0870000000000033
1.1949999999999967
0.9159999999999968
0.8599999999999994
0.5199999999999996
0.8030000000000008
0.620000000000001
0.7029999999999994
0.6699999999999982
0.5399999999999991
1.0539999999999985
1.2620000000000005
1.1189999999999998
1.0400000000000027
1.5079999999999991
2.0259999999999962
1.1539999999999964
0.42999999999999616
0.2890000000000015
0.6720000000000006
0.7519999999999989
0.536999999999999
0.40000000000000213
0.44099999999999895
0.4620000000000033
0.5050000000000026
0.3300000000000054
0.7109999999999985
0.9149999999999991
1.0899999999999963
0.29999999999999716
0.3049999999999997
0.2629999999999981
0.2259999999999991
0.847999999999999
1.0050000000000026
