0.333
0.809
4.459
4.774
6.797000000000001
6.550000000000001
13.243
12.484
33.518
37.752
36.245000000000005
38.548
41.266000000000005
40.769000000000005
39.82000000000001
44.37800000000001
43.94300000000001
45.44600000000001
51.26400000000001
48.546000000000014
51.73300000000001
50.30300000000001
55.39000000000001
54.20800000000001
54.08000000000001
53.61800000000001
52.921000000000014
52.40300000000001
51.30100000000001
54.68500000000001
60.85700000000001
55.04600000000001
54.20900000000001
59.538000000000004
58.68000000000001
55.29200000000001
54.46400000000001
53.73200000000001
67.01200000000001
58.40100000000002
55.48900000000002
50.26600000000002
47.850000000000016
41.38600000000001
39.808000000000014
61.86200000000001
58.003000000000014
49.426000000000016
43.02000000000001
60.658000000000015
55.731000000000016
51.533000000000015
44.860000000000014
70.53100000000002
66.75200000000001
61.81000000000002
61.72000000000001
55.27300000000002
53.990000000000016
51.39700000000002
48.375000000000014
72.11100000000002
67.70200000000001
62.298000000000016
55.76000000000002
55.621000000000016
47.76600000000002
47.34900000000002
46.75200000000002
73.34400000000002
71.76800000000001
70.30900000000003
62.86800000000002
61.16600000000002
61.14800000000002
60.07500000000002
58.80300000000002
51.295000000000016
48.43600000000002
68.71000000000001
67.47000000000001
66.19200000000001
57.76700000000001
57.305000000000014
57.244000000000014
53.161000000000016
52.00800000000001
73.88100000000001
68.36600000000001
68.33300000000001
61.84100000000001
61.781000000000006
57.611000000000004
56.15700000000001
53.63700000000001
51.67200000000001
50.94100000000001
64.028
62.55300000000001
60.03800000000001
