0.6400000000000001
3.857
3.7600000000000002
6.824
31.67
30.669
38.907
42.221
41.927
41.489999999999995
43.821
54.528999999999996
51.706
63.23499999999999
61.73
60.91199999999999
61.534
64.289
62.741
68.489
70.807
69.054
74.518
72.19
62.379000000000005
75.138
72.804
70.458
70.014
68.62
67.128
67.09700000000001
67.006
65.308
79.607
79.576
75.80499999999999
74.42999999999999
72.605
71.89699999999999
70.859
69.469
58.342
58.324
75.22
59.742999999999995
57.96
81.276
79.501
76.772
72.892
70.952
64.402
79.71
78.377
74.03399999999999
73.999
69.966
67.339
65.209
64.437
62.433
84.37899999999999
83.72399999999999
76.214
76.05
75.78099999999999
73.738
73.50999999999999
69.53899999999999
65.79599999999999
64.86
63.321
83.05499999999999
78.92699999999999
76.86299999999999
75.90799999999999
72.014
66.95499999999998
64.035
63.614999999999995
77.71099999999998
68.51299999999999
67.58099999999999
64.785
86.741
75.889
74.88499999999999
72.925
71.74799999999999
67.79499999999999
66.36699999999999
69.383
88.07099999999998
80.45299999999999
78.01699999999998
77.82799999999999
72.42399999999998
72.08999999999999
90.136
