1.549
1.6179999999999999
1.0279999999999998
1.6789999999999996
2.194
2.99
4.292
5.568
9.817
33.778
39.446000000000005
43.528000000000006
48.415000000000006
51.95300000000001
51.65400000000001
55.17400000000001
57.01000000000001
63.72100000000001
60.16300000000001
65.99600000000001
62.109000000000016
66.84900000000002
66.75300000000001
64.9
74.96600000000001
74.68
74.284
69.39500000000001
75.00200000000001
71.77600000000001
68.908
67.95800000000001
70.14200000000001
69.46900000000001
74.00600000000001
69.608
75.83500000000001
74.09500000000001
67.75000000000001
64.24600000000001
63.50700000000001
61.173000000000016
55.29600000000001
80.556
76.158
74.851
70.414
61.108000000000004
59.697
56.896
65.102
85.322
80.623
77.1
73.926
64.023
61.851
60.302
73.605
73.407
70.232
64.28
63.489000000000004
60.994
86.781
81.786
78.775
76.764
70.656
64.992
62.846000000000004
62.819
84.733
76.725
64.798
64.76
80.039
67.38199999999999
89.79499999999999
84.69
84.30099999999999
74.607
74.526
69.553
67.673
67.17099999999999
66.603
91.743
89.40199999999999
89.26299999999999
87.61299999999999
87.445
76.25899999999999
90.47799999999998
81.29999999999998
78.34799999999998
77.64699999999999
76.98899999999998
76.57599999999998
94.701
