0.887
1.832
31.065
32.835
47.452
54.179
54.091
55.066
65.05
64.196
63.482
69.992
69.473
70.08500000000001
73.63300000000001
73.269
73.25200000000001
74.673
78.91199999999999
76.672
77.255
76.666
74.291
68.09899999999999
66.50999999999999
83.993
76.115
70.94999999999999
69.707
67.964
67.929
65.26899999999999
82.434
79.803
79.703
78.91
75.595
71.389
69.10900000000001
66.686
65.379
87.391
85.303
84.95400000000001
75.933
70.06800000000001
69.97500000000001
87.299
84.825
84.759
83.57600000000001
79.915
74.602
70.015
68.43700000000001
68.09700000000001
67.059
91.04400000000001
89.24100000000001
86.40100000000001
86.38700000000001
76.751
71.40500000000002
70.71300000000001
90.32300000000001
88.54100000000001
83.68200000000002
71.55000000000001
70.07500000000002
69.05000000000001
81.61600000000001
81.453
81.33800000000001
79.093
71.09
70.671
92.274
76.33800000000001
71.36
86.972
86.661
78.18299999999999
75.388
92.218
91.684
89.441
84.65299999999999
95.511
92.88499999999999
89.80399999999999
80.514
79.99
78.816
77.06899999999999
97.788
80.158
79.586
79.439
101.17699999999999
99.981
