0.399
0.359
0.33699999999999997
0.32699999999999996
0.6400000000000001
0.3739999999999988
0.4899999999999993
0.5469999999999997
0.9790000000000001
0.9100000000000001
0.6880000000000006
0.5739999999999998
0.6479999999999997
0.6669999999999998
0.32699999999999996
0.41499999999999915
0.45500000000000007
0.6890000000000001
0.5199999999999996
0.702
0.5199999999999996
0.5769999999999982
0.6000000000000014
0.31299999999999883
0.6359999999999992
0.3460000000000001
0.33399999999999963
0.6439999999999984
0.3569999999999993
0.6099999999999994
0.7079999999999984
0.3470000000000013
0.3619999999999983
0.6630000000000003
0.46799999999999997
0.5840000000000032
0.34199999999999875
0.45000000000000284
0.39699999999999847
0.3190000000000026
0.5300000000000011
0.46699999999999875
0.39699999999999847
0.6409999999999982
0.5300000000000011
0.4620000000000033
0.5870000000000033
0.384999999999998
0.6199999999999974
0.33500000000000085
0.32099999999999795
0.44700000000000273
0.7070000000000007
0.7169999999999987
0.5399999999999991
0.6839999999999975
0.38300000000000267
0.5090000000000003
