0.383
0.44799999999999995
0.5350000000000001
0.3460000000000001
0.6479999999999997
0.38700000000000045
0.33499999999999996
0.5629999999999997
0.5030000000000001
0.39000000000000057
0.4079999999999995
0.4629999999999992
0.7420000000000009
0.7839999999999989
0.8399999999999999
0.6440000000000001
0.3979999999999997
0.49599999999999866
0.5300000000000011
0.4239999999999995
0.5480000000000018
0.5839999999999996
0.4469999999999992
0.6320000000000014
0.3210000000000015
0.6779999999999973
0.5700000000000003
0.3689999999999998
0.5240000000000009
0.31200000000000117
0.46799999999999997
0.5829999999999984
0.4480000000000004
0.5790000000000006
0.43400000000000105
0.3359999999999985
0.44799999999999685
0.4230000000000018
0.588000000000001
0.5339999999999989
0.509999999999998
0.3190000000000026
0.45600000000000307
0.5279999999999987
0.3299999999999983
0.8200000000000003
0.480000000000004
0.4069999999999965
0.4089999999999989
0.38000000000000256
0.4230000000000018
0.5319999999999965
0.44700000000000273
0.47800000000000153
0.6159999999999997
0.6400000000000006
0.35600000000000165
0.6060000000000016
