0.58
0.528
0.6739999999999999
0.3520000000000003
0.5759999999999996
0.3769999999999998
0.681
0.8610000000000007
0.5900000000000007
0.6560000000000006
0.6869999999999994
0.8679999999999986
0.5700000000000003
0.375
0.6069999999999993
0.5800000000000001
0.3819999999999997
0.4919999999999991
0.38400000000000034
0.6209999999999987
0.5889999999999986
0.3670000000000009
0.46799999999999997
0.6930000000000014
0.5429999999999993
0.33899999999999864
0.3359999999999985
0.42299999999999827
0.3410000000000011
0.5689999999999991
0.4220000000000006
0.5700000000000003
0.5450000000000017
0.5700000000000003
0.6089999999999947
0.7999999999999972
0.38400000000000034
0.5870000000000033
0.6009999999999991
0.6910000000000025
0.5039999999999978
0.6989999999999981
0.4239999999999995
0.5799999999999983
0.3950000000000031
0.7169999999999987
0.7700000000000031
0.37400000000000233
0.6739999999999924
1.1290000000000049
0.9809999999999945
0.5499999999999972
0.6340000000000003
0.31700000000000017
0.5559999999999974
0.6610000000000014
0.5599999999999952
0.4450000000000003
