0.7819999999999999
0.47
0.687
0.3740000000000001
0.4119999999999999
0.4790000000000001
0.31700000000000017
0.4480000000000004
0.6910000000000007
0.6460000000000008
0.8120000000000012
0.47000000000000064
1.0729999999999986
0.8599999999999994
0.8650000000000002
0.7589999999999986
0.5199999999999996
0.49600000000000044
0.5980000000000008
0.3960000000000008
0.4239999999999995
0.5820000000000007
0.4720000000000013
0.5210000000000008
0.5420000000000016
0.40500000000000114
0.5740000000000016
0.3509999999999991
0.35999999999999943
0.6509999999999998
0.6460000000000008
0.4710000000000001
0.3260000000000005
0.4450000000000003
0.6290000000000013
0.5609999999999999
0.554000000000002
0.4579999999999984
0.7049999999999983
0.6499999999999986
0.6529999999999987
0.5619999999999976
0.4200000000000017
0.357999999999997
0.6430000000000007
0.3539999999999992
0.3260000000000005
0.5889999999999986
0.37599999999999767
0.6340000000000003
0.6640000000000015
0.7500000000000071
0.6400000000000006
0.3999999999999986
0.4089999999999989
0.502999999999993
0.6899999999999977
0.5690000000000026
