4.677
37.366
37.246
50.914
58.87799999999999
70.616
71.597
74.94200000000001
74.81400000000001
79.766
79.33000000000001
78.32100000000001
77.58900000000001
81.35300000000001
80.82300000000001
80.22900000000001
78.933
77.46900000000001
82.348
84.801
84.301
79.59000000000002
79.15800000000002
86.78300000000002
84.67300000000002
84.23900000000002
81.95200000000001
78.58000000000001
73.47200000000001
69.55800000000002
86.54400000000001
80.22200000000002
79.52200000000002
72.11100000000002
71.18500000000002
70.97500000000002
70.81400000000002
81.99600000000001
81.22800000000001
79.37700000000001
86.316
85.31200000000001
85.19500000000001
81.748
79.506
75.94
75.864
91.781
90.08300000000001
87.30600000000001
84.744
79.345
75.123
92.602
87.95100000000001
87.685
97.733
90.923
82.71700000000001
80.093
77.565
96.86200000000001
91.37
90.27000000000001
102.765
96.101
92.244
92.188
90.75200000000001
89.58500000000001
89.515
89.441
86.72
86.60300000000001
86.322
84.503
82.63900000000001
98.697
94.77900000000001
90.798
82.923
103.97500000000001
98.504
91.896
88.48400000000001
87.60900000000001
85.85900000000001
82.845
104.049
102.43400000000001
101.933
101.40100000000001
98.49000000000001
98.45100000000001
96.561
93.058
89.92200000000001
104.49400000000001
96.09300000000002
95.052
