34.615
46.592
46.105999999999995
51.904999999999994
54.032
65.89699999999999
66.71099999999998
69.893
68.298
78.612
76.012
74.52499999999999
75.08399999999999
77.49499999999999
83.905
82.74799999999999
86.354
82.518
75.707
74.506
82.866
80.976
76.76299999999999
92.448
84.568
81.067
75.113
71.12799999999999
69.91999999999999
82.15899999999999
80.85499999999999
80.30899999999998
72.09899999999999
72.09599999999999
70.13399999999999
94.97099999999999
93.928
86.026
81.81299999999999
81.13999999999999
79.97899999999998
78.502
74.654
74.00399999999999
95.68299999999999
92.14499999999998
78.37199999999999
77.34499999999998
76.43199999999999
75.30299999999998
100.40099999999998
86.66399999999999
81.57099999999998
79.26999999999998
100.30499999999998
100.03499999999998
99.04799999999997
97.48499999999999
84.14799999999998
102.07499999999997
98.56399999999998
94.25899999999997
92.04999999999998
80.57499999999997
93.40799999999997
85.79599999999998
83.32999999999998
82.76999999999998
82.45099999999998
99.91499999999998
92.42799999999998
84.82399999999998
84.25299999999999
103.60799999999998
102.96299999999998
101.71099999999997
101.00599999999997
98.03499999999997
96.65399999999997
89.67099999999998
88.82399999999997
98.23899999999998
91.85699999999997
86.65699999999997
108.32799999999997
107.03099999999996
106.35099999999997
106.30399999999997
106.10199999999998
96.11299999999997
93.77799999999996
92.87699999999997
87.74599999999997
110.50799999999997
99.91299999999997
89.88799999999996
106.94599999999997
88.34399999999997
111.37299999999996
93.22999999999996
