1.216
1.744
4.904
53.6
53.220000000000006
56.13700000000001
59.69100000000001
62.40800000000001
71.083
73.604
72.898
72.628
75.566
75.464
78.917
77.13499999999999
76.27
77.737
82.65699999999998
82.30399999999999
80.57799999999999
85.086
84.49099999999999
86.36299999999999
83.005
80.18399999999998
85.79499999999999
86.45499999999998
82.00999999999999
78.09499999999998
90.77999999999999
90.66799999999999
88.85499999999999
88.34199999999998
80.514
69.48899999999999
68.37599999999999
89.82499999999999
80.195
79.87099999999998
76.56099999999998
72.91699999999999
72.34199999999998
71.00599999999999
90.78499999999998
89.81299999999999
88.02199999999999
84.42699999999999
75.63699999999999
74.30899999999998
72.28499999999998
92.84199999999998
87.69399999999999
83.60499999999999
77.04599999999998
71.47799999999998
93.19799999999998
88.64099999999998
85.24899999999998
84.28499999999998
78.91199999999998
72.88099999999997
95.54599999999998
92.52999999999997
79.02299999999997
89.78199999999997
82.99199999999996
80.52499999999998
102.99899999999997
78.12999999999997
96.81599999999996
96.73399999999997
93.51499999999996
85.83399999999996
84.44499999999996
89.72699999999996
87.60499999999996
82.25399999999996
80.03199999999995
97.41099999999996
94.91999999999996
92.74299999999995
90.52199999999996
89.89099999999996
103.40199999999994
100.64999999999995
106.31799999999996
106.09199999999996
101.49799999999995
100.20899999999995
93.19099999999995
89.17799999999995
85.52199999999995
105.68299999999995
95.70599999999995
95.50599999999994
90.24799999999995
110.22299999999994
94.43699999999994
106.97299999999996
