1.524
2.439
2.092
2.532
2.704
2.817
4.599
3.115
4.259
7.220999999999999
14.391000000000002
27.281000000000002
35.374
42.14
41.047
43.477000000000004
43.211
45.423
47.577000000000005
50.385000000000005
49.794000000000004
51.03300000000001
50.278000000000006
49.74000000000001
52.94800000000001
58.256
55.589000000000006
55.351000000000006
53.563
57.98800000000001
55.766000000000005
55.568000000000005
51.331
50.348000000000006
61.83
58.677
58.166000000000004
58.129000000000005
55.638000000000005
55.098
53.82
52.887
50.828
50.594
60.724000000000004
54.160000000000004
52.185
51.316
51.093
47.244
39.97800000000001
62.509
62.342
59.986999999999995
53.471
52.248999999999995
43.715999999999994
43.245
65.343
60.537
59.958
59.259
55.175
48.941
47.832
45.311
65.632
65.11
64.815
62.57600000000001
61.25
56.462
51.292
48.425000000000004
65.81400000000001
63.21400000000001
61.25900000000001
57.07800000000001
55.58500000000001
53.93900000000001
52.025000000000006
45.68400000000001
65.99500000000002
62.46100000000001
61.865000000000016
60.59200000000001
58.59200000000001
52.79300000000002
51.118000000000016
68.36200000000001
59.04300000000001
59.01900000000001
58.44300000000001
56.02800000000002
50.19900000000001
49.09200000000001
47.917000000000016
64.69200000000002
61.53200000000002
61.308000000000014
