1.125
1.8040000000000003
1.694
2.8019999999999996
5.9399999999999995
5.894
7.279999999999999
8.863999999999999
10.722999999999999
28.646
27.613
29.083000000000002
35.682
40.787
41.739
45.816
45.289
43.427
44.977000000000004
49.448
47.080000000000005
51.463
48.69
48.065
53.55500000000001
53.041000000000004
51.239000000000004
58.866
56.932
53.684000000000005
53.432
52.156000000000006
52.084
58.715
58.206
55.273
57.479000000000006
55.385000000000005
62.729
61.947
59.545
52.427
50.256
62.196999999999996
60.99699999999999
51.01499999999999
50.788
48.63499999999999
43.032999999999994
41.019999999999996
66.564
65.67099999999999
58.42999999999999
56.339
53.571
53.06399999999999
53.03099999999999
51.178999999999995
46.68299999999999
46.148999999999994
42.99499999999999
57.976
56.687
46.272999999999996
43.833999999999996
42.541999999999994
67.594
59.239999999999995
57.123999999999995
53.001999999999995
49.217
48.706999999999994
46.757999999999996
45.626999999999995
64.13900000000001
62.312000000000005
62.005
60.993
60.303000000000004
59.621
59.291000000000004
54.54600000000001
52.82900000000001
50.249
48.449000000000005
45.627
67.674
67.63900000000001
64.423
64.05600000000001
62.047000000000004
55.595
54.662000000000006
51.387
47.065000000000005
46.559000000000005
67.94700000000002
67.221
63.790000000000006
63.31800000000001
