0.504
0.349
0.3919999999999999
0.391
0.4900000000000002
0.6209999999999996
0.5730000000000004
0.34999999999999964
0.48900000000000077
0.5020000000000007
0.3780000000000001
0.43299999999999983
0.3620000000000001
0.7170000000000005
0.46499999999999986
0.4349999999999987
0.3880000000000017
0.7139999999999986
0.46300000000000097
0.3490000000000002
0.38899999999999935
0.3490000000000002
0.7319999999999993
0.5199999999999996
0.4009999999999998
0.6920000000000002
0.3589999999999982
0.38899999999999935
0.5549999999999997
0.32700000000000173
0.4089999999999989
0.347999999999999
0.4540000000000006
0.33200000000000074
0.517000000000003
0.43900000000000006
0.36599999999999966
0.41799999999999926
0.39000000000000057
0.43599999999999994
0.39099999999999824
0.6340000000000003
0.4789999999999992
0.6899999999999977
0.4889999999999972
0.5690000000000026
0.49099999999999966
0.899000000000008
0.8319999999999936
0.7899999999999991
