0.451
0.6820000000000002
0.47299999999999986
0.43000000000000016
0.6550000000000002
0.49599999999999955
0.47499999999999964
0.6109999999999998
0.41800000000000015
0.4580000000000002
0.47799999999999976
0.3290000000000006
0.4109999999999996
0.6920000000000002
0.5120000000000005
0.5240000000000009
0.3329999999999984
0.6430000000000007
0.504999999999999
0.5090000000000003
0.5139999999999993
0.690999999999999
0.5480000000000018
0.3520000000000003
0.4200000000000017
0.45700000000000074
0.3810000000000002
0.5919999999999987
0.4710000000000001
0.3299999999999983
0.6610000000000014
0.5769999999999982
0.5129999999999981
0.5450000000000017
0.4059999999999988
0.3470000000000013
0.4099999999999966
0.7220000000000013
0.3569999999999993
0.3719999999999999
0.44899999999999807
0.6730000000000018
0.7109999999999985
0.46300000000000097
0.570999999999998
0.7250000000000014
0.6880000000000024
0.4720000000000013
0.5140000000000029
0.5060000000000002
