0.4600000000000001
0.5679999999999998
0.6099999999999999
0.4910000000000001
0.45199999999999996
0.40800000000000036
0.71
0.6140000000000008
0.6649999999999991
0.6539999999999999
0.5180000000000007
0.5410000000000004
0.6110000000000007
0.625
0.6039999999999992
0.7399999999999984
0.6600000000000001
0.5710000000000015
0.3990000000000009
0.36100000000000065
0.4400000000000013
0.6310000000000002
0.3979999999999997
0.5489999999999995
0.5189999999999984
0.4839999999999982
0.3410000000000011
0.5309999999999988
0.42299999999999827
0.593
0.6639999999999979
0.6730000000000018
0.33899999999999864
0.5670000000000002
0.6980000000000004
0.6559999999999988
0.7609999999999957
0.4399999999999977
0.5249999999999986
0.44899999999999807
0.6540000000000035
0.5429999999999993
0.7090000000000032
0.39099999999999824
0.5189999999999984
0.5399999999999991
0.7160000000000011
0.7139999999999986
0.6030000000000015
0.4579999999999984
