0.711
0.385
0.4710000000000001
0.35699999999999976
0.37100000000000044
0.5380000000000003
0.41999999999999993
0.5250000000000004
0.34699999999999953
0.48300000000000054
0.49900000000000055
0.4039999999999999
0.4380000000000006
0.597999999999999
0.6149999999999984
0.6179999999999986
0.3810000000000002
0.4920000000000009
0.5569999999999986
0.4200000000000017
0.5919999999999987
0.33699999999999974
0.7300000000000004
0.3990000000000009
0.6559999999999988
0.7250000000000014
0.3509999999999991
0.6780000000000008
0.6999999999999993
0.46999999999999886
0.42499999999999716
0.45700000000000074
0.8070000000000022
0.44999999999999574
0.5409999999999968
0.42799999999999727
0.6629999999999967
0.6490000000000009
0.45300000000000296
0.5390000000000015
0.37700000000000244
0.38000000000000256
0.517000000000003
0.7000000000000028
0.42900000000000205
0.6129999999999995
0.5670000000000002
0.42600000000000193
0.5820000000000007
0.6869999999999976
