0.36200000000000004
28.761
38.672000000000004
52.711
60.967000000000006
66.595
67.881
71.018
73.62100000000001
73.238
76.667
76.429
75.52100000000002
78.34200000000001
75.82600000000001
81.52000000000001
81.224
76.78
84.025
83.82300000000001
74.93
74.778
67.23100000000001
85.79
84.665
83.858
72.534
71.976
70.35600000000001
69.22200000000001
67.809
86.431
85.363
81.967
81.922
75.101
74.014
72.344
67.491
86.465
82.853
81.768
77.11
77.003
74.2
72.337
87.015
85.37
74.49900000000001
70.57600000000001
70.53300000000002
91.516
90.659
79.536
70.538
87.426
76.422
72.71700000000001
72.188
95.352
80.241
79.562
79.18
93.95500000000001
83.593
97.997
96.212
97.365
96.229
95.832
91.065
100.77900000000001
99.441
95.37400000000001
93.709
92.39500000000001
88.48700000000001
86.099
81.22500000000001
79.352
78.685
92.54
91.676
89.497
101.875
97.947
95.722
93.319
89.673
88.74
86.095
85.928
84.86500000000001
84.76
84.624
83.193
92.92800000000001
92.70700000000001
92.274
88.08500000000001
