0.321
0.32000000000000006
0.5450000000000002
0.36499999999999977
0.3799999999999999
0.4389999999999996
0.43400000000000016
0.6139999999999999
0.5389999999999997
0.4240000000000004
0.40499999999999936
0.6340000000000003
0.4580000000000002
0.3390000000000004
0.5980000000000008
0.4949999999999992
0.6310000000000002
0.38899999999999935
0.690999999999999
0.4200000000000017
0.4059999999999988
0.5970000000000013
0.6350000000000016
0.5899999999999999
0.6290000000000013
0.36400000000000077
0.39000000000000057
0.3589999999999982
0.37099999999999866
0.5839999999999996
0.30600000000000094
0.6119999999999983
0.5150000000000006
0.45899999999999963
0.5629999999999988
0.5259999999999998
0.4480000000000004
0.4299999999999997
0.6069999999999993
0.740000000000002
0.4410000000000025
0.4350000000000023
0.490000000000002
0.5439999999999969
0.6419999999999959
1.1850000000000023
0.8599999999999994
0.5919999999999987
0.38700000000000045
0.6559999999999988
0.3160000000000025
0.33200000000000074
0.5290000000000035
0.41499999999999915
0.4230000000000018
0.31400000000000006
0.30400000000000205
0.39800000000000324
0.29999999999999716
0.3500000000000014
0.36699999999999733
0.3500000000000014
0.402000000000001
0.3609999999999971
0.482999999999997
0.5300000000000011
0.6259999999999977
