0.605
0.575
0.403
0.5659999999999998
0.3390000000000004
0.6310000000000002
0.4320000000000004
0.36300000000000043
0.8449999999999998
0.6340000000000003
0.47000000000000064
0.4380000000000006
0.6539999999999999
1.0169999999999995
0.9850000000000012
0.6800000000000015
0.6850000000000005
0.35999999999999943
0.3620000000000001
0.33399999999999963
0.6900000000000048
0.370000000000001
0.6269999999999989
0.3670000000000009
0.4549999999999983
0.8959999999999972
1.1599999999999966
0.9100000000000001
0.3689999999999998
0.5169999999999995
0.3019999999999996
0.5199999999999996
0.6899999999999977
0.5289999999999999
0.6509999999999998
0.6650000000000027
0.4299999999999997
0.3150000000000013
0.5330000000000013
0.3949999999999996
0.5169999999999995
0.44999999999999574
0.490000000000002
0.47800000000000153
0.6659999999999968
0.30299999999999727
0.34499999999999886
0.42799999999999727
0.5829999999999984
0.41199999999999903
0.34499999999999886
0.517000000000003
0.6089999999999947
0.4930000000000021
0.8590000000000018
0.7830000000000013
0.5200000000000031
0.3089999999999975
0.5630000000000024
0.8419999999999987
0.7899999999999991
0.7920000000000016
1.0700000000000003
0.9099999999999966
0.347999999999999
0.40400000000000347
0.4230000000000018
