0.646
0.32699999999999996
0.5769999999999997
0.31800000000000006
0.5510000000000002
0.3150000000000004
0.6289999999999996
0.5270000000000001
0.3719999999999999
0.6289999999999996
0.7599999999999998
0.5020000000000007
0.46000000000000085
0.8519999999999985
0.6499999999999986
0.3049999999999997
0.5559999999999992
0.5939999999999994
0.46499999999999986
0.5730000000000004
0.3030000000000008
0.7740000000000045
0.46000000000000085
0.3829999999999991
0.4400000000000013
0.46999999999999886
0.5910000000000011
0.48600000000000065
0.5330000000000013
0.375
0.4499999999999993
0.35900000000000176
0.3200000000000003
0.6149999999999984
0.48999999999999844
0.4920000000000009
0.2989999999999995
0.36599999999999966
0.36799999999999855
0.4960000000000022
0.42199999999999704
0.4620000000000033
0.588000000000001
0.32200000000000273
0.5930000000000035
0.32800000000000296
0.4969999999999999
0.2989999999999995
0.4719999999999942
0.5899999999999963
0.6089999999999947
0.519999999999996
0.3100000000000023
0.3440000000000012
0.5090000000000003
0.5829999999999984
0.4859999999999971
0.49199999999999733
0.3819999999999979
0.3119999999999976
0.5609999999999999
0.3810000000000002
0.527000000000001
0.402000000000001
0.5799999999999983
0.3609999999999971
0.6009999999999991
