0.387
0.31299999999999994
0.6110000000000004
0.4900000000000002
0.39800000000000013
0.41000000000000014
0.3310000000000004
0.40200000000000014
0.3200000000000003
0.3780000000000001
0.36599999999999966
0.29800000000000004
0.34999999999999964
0.4510000000000005
0.3160000000000007
0.4740000000000002
0.6460000000000008
0.6709999999999994
0.5949999999999989
0.4450000000000003
0.6759999999999984
0.759999999999998
0.6030000000000015
0.33200000000000074
0.6099999999999994
0.6580000000000013
0.5429999999999993
0.8539999999999992
0.5299999999999976
0.2970000000000006
0.3440000000000012
0.3279999999999994
0.35700000000000287
0.6000000000000014
0.48900000000000077
0.4269999999999996
0.43200000000000216
0.5619999999999976
0.5039999999999978
0.3950000000000031
0.578000000000003
0.31400000000000006
0.490000000000002
0.36599999999999966
0.578000000000003
0.4590000000000032
0.5799999999999983
0.5720000000000027
0.35600000000000165
0.4269999999999996
0.33800000000000097
0.4519999999999982
0.29699999999999704
0.5459999999999994
0.3689999999999998
0.4239999999999995
0.41499999999999915
0.375
0.8519999999999968
0.5499999999999972
0.4140000000000015
0.49199999999999733
0.4299999999999997
0.34199999999999875
0.46999999999999886
0.6460000000000008
0.671999999999997
