0.5000000000000001
0.3500000000000001
0.45499999999999985
0.7170000000000005
0.5100000000000002
0.5429999999999993
0.9910000000000005
1.1239999999999997
0.7200000000000006
0.38400000000000034
0.40800000000000036
0.32099999999999973
0.9590000000000014
0.9979999999999993
0.6910000000000007
0.6699999999999999
0.5530000000000008
0.3290000000000006
0.5790000000000006
0.4139999999999997
0.6140000000000008
0.41799999999999926
0.43100000000000094
0.6900000000000013
0.5
0.3359999999999985
0.5829999999999984
0.33999999999999986
0.33200000000000074
0.6230000000000011
0.49299999999999855
0.46399999999999864
0.4770000000000003
0.3500000000000014
0.620000000000001
0.3410000000000011
0.5440000000000005
0.43900000000000006
0.5240000000000009
0.4710000000000001
0.38300000000000267
0.7240000000000038
0.7929999999999993
0.5500000000000043
0.554000000000002
0.3100000000000023
0.4889999999999972
0.38000000000000256
0.31700000000000017
0.44299999999999784
0.31700000000000017
0.3299999999999983
0.3609999999999971
0.347999999999999
0.31700000000000017
0.5159999999999982
0.490000000000002
0.43900000000000006
0.3930000000000007
0.6669999999999945
0.35999999999999943
0.30700000000000216
0.3440000000000012
0.6159999999999997
0.6390000000000029
0.8129999999999953
0.5399999999999991
