2.2550000000000003
2.886
4.111000000000001
32.579
37.797000000000004
51.616000000000014
60.26600000000001
65.90600000000002
70.74100000000003
78.66300000000003
76.09300000000003
83.21800000000003
82.10300000000004
85.84800000000003
80.56700000000002
84.14700000000002
83.72200000000002
78.99800000000002
73.99200000000002
68.63400000000001
82.25200000000002
81.78400000000002
69.72000000000003
68.60100000000003
84.34800000000003
82.87100000000002
80.00000000000003
69.67000000000002
92.11100000000002
91.32500000000002
82.36700000000002
81.83700000000002
80.17400000000002
77.07600000000002
76.33900000000003
74.87400000000002
73.98500000000003
73.33200000000002
73.26400000000002
91.93700000000003
90.37400000000002
87.25400000000002
75.22900000000001
73.36600000000001
97.74300000000002
94.82200000000003
94.45700000000002
84.12100000000002
75.10600000000002
93.94600000000003
93.84600000000003
86.88800000000003
99.62700000000004
97.24000000000004
91.09800000000003
84.59400000000004
82.06000000000003
77.09000000000003
101.04600000000003
100.12400000000004
99.06800000000004
98.50300000000003
91.76800000000003
89.93100000000003
89.55400000000003
84.70000000000003
102.98300000000003
97.85800000000003
94.11600000000003
93.80300000000004
84.38700000000003
81.39800000000004
105.76000000000003
102.08000000000004
100.81300000000003
98.76100000000004
98.72300000000004
98.50500000000004
93.56400000000004
91.72800000000004
86.67400000000004
102.78800000000004
95.61500000000004
90.94400000000003
89.92200000000003
108.42500000000004
103.51400000000004
101.93400000000004
100.59900000000005
96.18600000000004
91.32600000000004
88.75800000000004
87.48500000000004
84.87600000000003
94.11100000000005
92.26500000000004
88.49100000000004
86.69100000000005
110.60000000000005
109.14600000000004
