5.756
5.655
7.1739999999999995
28.524
52.24
53.931000000000004
57.370000000000005
57.124
61.25
60.729
65.801
65.595
68.306
67.735
67.02799999999999
68.926
74.12
76.77199999999999
75.18499999999999
71.05699999999999
72.90199999999999
78.58399999999999
74.298
73.55799999999999
83.333
77.346
86.609
81.89
78.029
75.72399999999999
73.77199999999999
83.13799999999999
76.85499999999999
75.368
68.05499999999999
88.78
74.163
73.973
76.289
91.226
81.82300000000001
81.33800000000001
80.305
74.57600000000001
73.46600000000001
85.408
77.03399999999999
76.461
74.983
95.83200000000001
88.71600000000001
86.51100000000001
83.967
83.72500000000001
79.196
77.759
97.549
95.619
92.574
89.012
80.202
78.116
77.973
76.236
95.596
92.021
82.99000000000001
92.27
86.91
86.57300000000001
79.401
100.522
100.426
89.224
83.90200000000002
100.53500000000001
97.47500000000001
96.72500000000001
94.786
83.97500000000001
82.989
100.73
99.491
98.851
98.574
85.36200000000001
84.60000000000001
100.061
94.143
91.592
81.618
99.98100000000001
94.522
89.433
89.143
105.749
103.034
99.555
94.94800000000001
89.529
