0.711
0.5139999999999998
0.391
0.3839999999999999
0.4870000000000001
0.3520000000000003
0.4119999999999999
0.391
0.6650000000000009
0.4320000000000004
0.36100000000000065
0.47199999999999953
0.6780000000000008
0.41000000000000014
0.629999999999999
0.7469999999999999
0.6179999999999986
0.6149999999999984
0.36299999999999955
0.3760000000000012
0.48499999999999943
0.44099999999999895
0.6969999999999992
0.5869999999999997
0.4690000000000012
0.3550000000000004
0.4450000000000003
0.38200000000000145
0.5760000000000005
0.7609999999999992
0.5850000000000009
0.42199999999999704
0.3509999999999991
0.4440000000000026
0.4209999999999994
0.6289999999999978
0.642000000000003
0.5790000000000006
0.43299999999999983
0.6980000000000004
0.5480000000000018
0.517000000000003
0.39000000000000057
0.4209999999999994
0.3609999999999971
