0.41700000000000004
0.4869999999999999
0.7330000000000001
0.38900000000000023
0.3360000000000003
0.6799999999999997
0.4800000000000004
0.718
0.4429999999999996
0.6479999999999997
0.4559999999999995
0.48099999999999987
0.6849999999999987
0.4510000000000005
0.6559999999999988
0.44099999999999895
0.6900000000000013
0.6720000000000006
0.5240000000000009
0.33699999999999974
0.4559999999999995
0.7199999999999989
0.5670000000000002
0.5330000000000013
0.4939999999999998
0.33500000000000085
0.4099999999999966
0.5840000000000032
0.713000000000001
0.6829999999999998
0.7580000000000027
0.7250000000000014
0.5820000000000007
0.36000000000000654
0.35900000000000176
0.39800000000000324
0.5039999999999978
0.6850000000000023
0.5249999999999986
0.6199999999999974
0.6259999999999977
0.49199999999999733
0.43599999999999994
0.6030000000000015
0.4799999999999969
