10.719000000000001
27.922
35.201
43.074
52.51200000000001
60.093
65.97699999999999
69.814
71.99
71.78
72.63900000000001
72.492
76.868
77.24000000000001
75.406
79.237
78.547
78.50399999999999
78.01899999999999
83.407
74.952
83.37
85.75200000000001
84.96600000000001
82.053
81.178
79.449
77.177
73.927
69.802
69.47500000000001
65.59700000000001
82.668
78.53300000000002
69.513
85.37900000000002
77.44400000000002
69.15800000000002
92.85100000000003
87.47900000000003
81.46300000000002
80.52000000000002
70.24000000000002
96.61400000000002
96.42300000000002
94.05700000000002
92.69300000000001
79.99400000000001
96.84600000000002
90.89500000000001
86.32700000000001
84.793
83.56300000000002
83.33600000000001
82.46400000000001
81.42000000000002
75.549
99.18300000000002
90.54700000000003
95.76100000000002
89.13300000000001
88.82700000000001
87.55100000000002
79.07200000000002
100.09200000000001
94.34700000000001
89.21400000000001
87.71000000000002
85.58200000000002
84.27700000000002
82.92000000000002
80.70500000000001
103.14500000000001
103.05400000000002
93.00800000000001
90.74500000000002
87.37100000000001
85.91000000000003
84.47700000000002
82.37400000000002
104.03400000000002
98.30500000000002
98.07600000000002
90.52300000000002
84.43600000000002
82.55500000000002
98.42700000000002
97.60400000000001
96.70000000000002
84.86000000000001
106.72400000000002
101.71600000000001
92.73500000000001
87.21200000000002
87.02200000000002
84.34400000000002
107.09500000000003
102.55300000000003
94.44200000000002
89.69600000000003
