33.69
43.543000000000006
48.012
53.988
54.671
58.244
70.751
77.15700000000001
75.328
75.06500000000001
78.141
76.94400000000002
82.09100000000002
78.90100000000001
79.52000000000001
85.34900000000002
85.25300000000001
81.39300000000001
80.58200000000001
80.28400000000002
81.84200000000001
91.31400000000001
89.36400000000002
85.27000000000001
78.55200000000002
73.97100000000002
66.50200000000001
92.15000000000002
87.26100000000002
83.36000000000001
82.91400000000002
96.72400000000002
93.98600000000002
92.29700000000001
83.70400000000001
83.53000000000002
81.23800000000001
80.77100000000002
75.30400000000002
73.06400000000002
91.299
88.23800000000001
85.70600000000002
80.629
78.65700000000001
78.233
76.94000000000001
99.93700000000001
84.95800000000001
84.28200000000001
81.21000000000001
78.57500000000002
74.04100000000001
88.471
82.27100000000002
79.82300000000001
77.39200000000001
79.51900000000002
75.56100000000002
98.76600000000002
98.65500000000002
95.08100000000002
95.05100000000002
92.14000000000001
90.70600000000002
86.56600000000002
84.77800000000002
76.54000000000002
98.786
92.27300000000001
105.32900000000001
104.60900000000001
102.214
99.459
97.864
93.648
91.416
91.223
84.06200000000001
82.897
101.105
100.19600000000001
95.82900000000001
88.851
84.72900000000001
100.67600000000002
103.05300000000001
100.933
98.49500000000002
107.35200000000002
96.99300000000001
94.54400000000001
110.10000000000001
101.94600000000001
95.51200000000001
92.37800000000001
88.09100000000001
109.32700000000001
104.63700000000001
104.42500000000001
