8.699
32.844
40.701
51.728
59.463
62.081
65.805
64.357
68.453
68.34100000000001
73.687
74.417
74.019
73.053
72.794
73.732
80.09400000000001
78.571
78.53
82.61200000000001
81.126
85.08600000000001
87.83500000000001
84.94600000000001
84.26100000000001
81.995
81.915
79.99900000000001
90.91100000000002
86.11900000000001
75.17500000000001
65.89700000000002
88.69500000000002
75.24600000000002
72.46800000000002
71.92400000000002
70.84500000000003
93.80600000000001
93.20300000000002
91.88900000000001
90.36800000000002
88.03200000000001
84.02000000000001
83.84800000000001
75.66600000000003
69.90100000000001
93.77400000000003
93.56400000000002
93.02400000000003
88.77400000000003
87.77400000000003
84.33700000000002
79.35000000000002
70.93300000000002
90.62600000000002
79.46200000000002
77.07000000000002
96.73100000000002
95.40300000000002
92.87900000000002
83.10500000000002
80.80300000000003
80.42300000000003
76.79600000000002
90.56700000000002
81.34200000000003
78.84200000000003
77.56000000000003
76.83800000000002
96.77000000000002
92.43300000000002
84.58400000000003
76.19300000000003
100.91200000000002
93.32100000000003
87.30100000000002
86.60400000000001
95.20800000000003
91.25600000000003
91.01000000000002
85.46100000000003
84.06800000000003
81.36000000000003
81.19400000000002
96.46100000000003
96.33500000000002
94.63200000000002
81.98100000000002
81.68500000000003
105.74300000000002
101.65300000000002
96.95800000000003
81.75200000000002
98.42100000000002
96.29800000000002
93.03300000000002
90.06700000000001
87.04200000000002
86.88800000000002
83.10000000000002
